0.
x=(1, 2, 0, 1, 1, 1, 2, 2, 1, 2, 2, 2, 0, 0, 1, 2, 1, 1, 0, 2, 1, 2, 2, 2, 0, 1, 0, 1, 0, 0, 0, 2, 1, 1, 2, 0, 0, 2, 1, 1, 0, 1, 2, 2, 2, 2, 2, 0, 1, 2, 1, 1, 0, 1, 1, 0, 0, 0, 0, 2, 2, 1, 2, 2)
f(x)=4540

1.
x=(0, 1, 1, 1, 2, 2, 1, 2, 2, 0, 2, 1, 2, 0, 2, 2, 0, 0, 1, 1, 1, 2, 1, 0, 1, 0, 0, 2, 1, 0, 1, 2, 1, 1, 2, 0, 0, 1, 0, 1, 2, 1, 2, 2, 0, 2, 1, 2, 1, 2, 2, 1, 0, 0, 2, 2, 0, 0, 2, 0, 0, 0, 1, 1)
f(x)=968

2.
x=(0, 2, 1, 0, 2, 0, 1, 0, 0, 2, 2, 0, 2, 1, 1, 2, 1, 0, 0, 0, 1, 1, 0, 0, 0, 1, 1, 1, 2, 2, 1, 0, 2, 2, 2, 0, 2, 0, 1, 1, 2, 2, 2, 2, 0, 2, 1, 0, 0, 2, 2, 1, 1, 0, 2, 2, 1, 1, 2, 2, 2, 1, 1, 2)
f(x)=1805

3.
x=(0, 2, 1, 1, 1, 0, 0, 2, 1, 2, 2, 0, 0, 1, 0, 1, 1, 0, 1, 2, 2, 0, 1, 0, 2, 0, 0, 0, 2, 1, 0, 1, 0, 1, 1, 2, 1, 0, 1, 2, 1, 2, 2, 2, 2, 2, 0, 0, 2, 2, 1, 1, 1, 2, 0, 2, 2, 1, 2, 0, 2, 2, 0, 2)
f(x)=1936

4.
x=(0, 2, 0, 0, 0, 2, 1, 2, 1, 1, 0, 2, 2, 1, 0, 2, 0, 1, 1, 1, 1, 0, 1, 1, 1, 1, 2, 2, 1, 2, 2, 2, 2, 2, 1, 0, 0, 1, 1, 2, 0, 2, 2, 0, 2, 0, 2, 1, 1, 2, 1, 1, 0, 1, 1, 0, 0, 2, 2, 0, 1, 2, 2, 2)
f(x)=3575

5.
x=(1, 1, 0, 0, 1, 2, 2, 2, 2, 0, 1, 0, 2, 2, 1, 1, 0, 2, 2, 1, 0, 0, 1, 1, 2, 2, 1, 1, 2, 0, 0, 0, 2, 2, 1, 1, 2, 1, 2, 1, 0, 0, 1, 2, 2, 2, 2, 0, 0, 0, 2, 0, 0, 2, 2, 0, 0, 0, 0, 1, 0, 2, 0, 1)
f(x)=2148

6.
x=(0, 0, 1, 0, 2, 2, 0, 0, 0, 1, 0, 2, 1, 0, 0, 1, 0, 1, 2, 0, 1, 2, 2, 2, 2, 0, 2, 0, 0, 1, 0, 2, 1, 0, 1, 1, 2, 2, 2, 1, 2, 2, 1, 0, 1, 1, 0, 0, 0, 0, 2, 0, 0, 1, 2, 1, 1, 1, 1, 1, 2, 2, 0, 2)
f(x)=2159

7.
x=(1, 1, 2, 2, 0, 0, 1, 1, 2, 1, 1, 0, 0, 2, 1, 1, 0, 2, 2, 2, 0, 0, 1, 1, 1, 0, 1, 2, 2, 1, 0, 1, 1, 2, 0, 0, 0, 0, 2, 2, 2, 0, 2, 2, 1, 0, 2, 1, 0, 1, 0, 0, 0, 0, 1, 0, 1, 1, 2, 2, 1, 0, 2, 2)
f(x)=3882

8.
x=(0, 0, 2, 2, 2, 2, 2, 2, 2, 0, 1, 1, 1, 2, 0, 0, 2, 0, 2, 1, 1, 2, 1, 1, 1, 1, 2, 0, 1, 2, 1, 2, 1, 2, 1, 2, 1, 1, 2, 0, 2, 1, 0, 1, 1, 1, 2, 1, 1, 0, 0, 1, 0, 1, 0, 2, 0, 2, 0, 1, 1, 0, 0, 1)
f(x)=1943

9.
x=(2, 0, 0, 2, 2, 1, 2, 2, 2, 0, 1, 0, 1, 1, 0, 2, 1, 1, 2, 0, 1, 1, 1, 2, 1, 1, 1, 2, 2, 0, 1, 1, 1, 0, 0, 1, 2, 2, 1, 2, 0, 1, 2, 1, 1, 2, 2, 0, 2, 1, 1, 1, 0, 1, 2, 2, 1, 2, 2, 0, 1, 1, 0, 2)
f(x)=6198

10.
x=(2, 0, 1, 2, 2, 1, 1, 1, 1, 0, 2, 0, 1, 2, 1, 1, 2, 2, 0, 1, 1, 2, 0, 1, 2, 0, 0, 1, 1, 0, 1, 2, 0, 2, 2, 0, 0, 2, 0, 2, 2, 1, 0, 0, 1, 2, 2, 2, 2, 0, 0, 0, 0, 2, 1, 1, 1, 0, 1, 1, 1, 2, 0, 2)
f(x)=3264

11.
x=(2, 2, 1, 1, 2, 1, 2, 2, 1, 0, 0, 0, 2, 1, 0, 2, 2, 0, 2, 1, 1, 2, 1, 2, 2, 2, 2, 1, 2, 2, 2, 1, 1, 0, 0, 1, 2, 2, 2, 1, 2, 0, 1, 2, 0, 1, 2, 1, 1, 1, 2, 1, 0, 0, 0, 1, 2, 1, 2, 0, 1, 2, 2, 1)
f(x)=3474

12.
x=(1, 0, 0, 0, 2, 1, 0, 1, 2, 0, 1, 2, 1, 1, 0, 1, 1, 0, 0, 0, 0, 1, 2, 1, 2, 1, 0, 0, 1, 2, 1, 2, 2, 0, 1, 2, 2, 1, 1, 0, 0, 0, 1, 0, 0, 1, 2, 0, 1, 1, 0, 2, 1, 2, 0, 1, 2, 2, 1, 1, 0, 1, 2, 2)
f(x)=2404

13.
x=(2, 2, 1, 1, 0, 2, 2, 2, 2, 0, 0, 1, 2, 2, 0, 1, 1, 2, 1, 2, 0, 0, 2, 1, 2, 2, 1, 2, 0, 2, 0, 2, 1, 0, 1, 1, 0, 2, 1, 2, 0, 0, 2, 1, 0, 1, 1, 0, 0, 0, 2, 0, 0, 2, 2, 1, 0, 1, 2, 1, 0, 1, 1, 2)
f(x)=1533

14.
x=(2, 1, 2, 1, 0, 2, 1, 0, 0, 1, 0, 2, 0, 1, 1, 0, 2, 2, 2, 0, 2, 2, 1, 0, 1, 1, 1, 0, 2, 1, 2, 0, 2, 2, 1, 0, 1, 0, 2, 1, 2, 1, 1, 2, 2, 1, 1, 0, 1, 1, 1, 1, 0, 1, 2, 1, 1, 1, 2, 0, 0, 2, 2, 1)
f(x)=6180

15.
x=(0, 2, 2, 1, 0, 1, 1, 0, 2, 2, 0, 2, 1, 0, 0, 0, 1, 1, 0, 2, 2, 1, 0, 1, 0, 0, 1, 1, 1, 2, 0, 0, 2, 2, 0, 1, 1, 0, 0, 0, 1, 2, 0, 0, 2, 0, 2, 2, 0, 0, 0, 2, 0, 2, 2, 2, 1, 0, 1, 2, 0, 1, 1, 1)
f(x)=3205

16.
x=(2, 2, 1, 2, 0, 0, 2, 0, 0, 0, 2, 0, 2, 2, 0, 1, 0, 0, 0, 2, 0, 0, 0, 1, 0, 1, 2, 1, 2, 0, 2, 2, 1, 0, 1, 2, 0, 1, 2, 2, 1, 0, 1, 2, 2, 2, 1, 1, 1, 2, 0, 2, 2, 1, 1, 0, 0, 0, 1, 0, 0, 1, 2, 1)
f(x)=2559

17.
x=(2, 1, 1, 2, 1, 2, 1, 1, 1, 1, 2, 1, 0, 1, 0, 0, 1, 2, 2, 1, 0, 1, 2, 2, 1, 2, 1, 2, 2, 2, 0, 1, 2, 2, 1, 0, 2, 1, 1, 2, 2, 1, 2, 1, 0, 1, 1, 2, 0, 1, 1, 0, 0, 1, 0, 1, 0, 2, 0, 2, 1, 1, 1, 2)
f(x)=2418

18.
x=(1, 0, 1, 1, 1, 0, 1, 2, 2, 1, 0, 0, 1, 1, 0, 0, 2, 2, 1, 2, 2, 0, 1, 2, 1, 0, 0, 2, 0, 2, 1, 1, 1, 1, 1, 2, 1, 0, 1, 2, 2, 0, 1, 2, 0, 2, 0, 2, 1, 0, 2, 1, 0, 2, 1, 1, 0, 0, 2, 0, 0, 2, 0, 2)
f(x)=587

19.
x=(0, 1, 0, 2, 2, 1, 1, 0, 1, 0, 1, 0, 2, 0, 1, 0, 2, 2, 2, 1, 1, 0, 1, 2, 1, 0, 2, 0, 0, 2, 2, 0, 2, 1, 1, 2, 2, 2, 2, 0, 1, 1, 1, 0, 1, 1, 1, 1, 2, 0, 0, 1, 0, 0, 0, 2, 0, 2, 2, 2, 1, 0, 2, 2)
f(x)=936

